#This file provides the setting of the parameters
fatt=2.4839598967501715
frep=1.3228008374592575
M0=51.835535150936714
radius=112.46725298831082
maxIter=168
dim=3
thresh=0.0
upperth=200.0
lowerth=0.0
#lowerth=10
#upperth=10.5
step=0.5